# Shape 01
(-11,4.5) , (-10.5,5.5) , (-9,4.5) , (-10,3.5)
# Shape 02
(-9,4.5) , (-8.5,3.5) , (-8,2) , (-7.5,1) , (-8.5,.5) , (-9,1) , (-10,2) , (-11,3.5) , (-11.5,5) , (-11,6) , (-10,6.5) , (-9.5,6.5) , (-9,6) , (-8.5,5) , (-8.5,3.5)
# Shape 03
(-8,2) , (-7.5,2.5) , (-7,3.5) , (-6.5,5) , (-7.5,7) , (-8,7) , (-9.5,6.5) , (-9.5,7) , (-11,9.5) , (-11,11.5) , (-10,13) , (-8,15) , (-5.5,17) , (-3.5,18) , (-1,19) , (1,19) , (4,17.5) , (6,15.5) , (7,14) , (7.5,12) , (7.5,10) , (6.5,9.5) , (5,10.5) , (3.5,11) , (-1.5,11) , (-4,10) , (-8,7.5) , (-8,7)
# Shape 04
(-1.5,11) , (-2.5,12) , (-2.5,13.5) , (-2,14.5) , (-1,15) , (0,15.5) , (2,15.5) , (3.5,15) , (4,14) , (4,13) , (3.5,12) , (3.5,11)
# Shape 05
(-.5,11.5) , (-1.5,12) , (0,15) , (1,14) , (1.5,15) , (3.5,12.5) , (2.5,11.5) , (1.5,13.5) , (1,12.5) , (0,13.5) , (-.5,11.5)
# Shape 06
(-7.5,1) , (-7,0) , (-6,-1.5) , (-5,-2) , (-4,-2.5) , (-2.5,-2.5) , (-2,-3.5) , (-1,-3.5) , (-.5,-4) , (0,-4) , (1,-4) , (2.5,-3) , (3.5,-2.5) , (4,-1.5) , (5.5,0) , (6,1) , (6.5,2) , (6.5,3.5) , (6.5,4) , (6,5) , (5.5,6.5) , (5.5,7.5) , (4,7.5) , (2,7.5) , (0,7.5) , (-1.5,7.5) , (-4,7.5) , (-5,7.5) , (-8,7.5) , (-5.5,8.5) , (-1.5,8.5) , (2.5,8.5) , (5.5,8.5) , (6,8) , (5.5,7.5)
# Shape 07
(-2,2) , (-5,3) , (-5.5,2) , (-5,1) , (-4,0) , (-3.5,-.5) , (-3,-1) , (-2,-1) , (-1.5,-.5) , (-1,-1.5) , (0,-2) , (1,-2) , (1.5,-1.5) , (3,-1.5) , (3.5,-.5) , (4,-.5) , (4.5,0) , (5.5,1.5) , (6,2) , (6,4) , (5.5,4.5) , (5,3.5) , (5,2) , (4.5,.5) , (3.5,-.5) , (1.5,-1) , (0,-.5) , (-1.5,1) , (-2,2) , (-1,3) , (0,4.5) , (1,5) , (1.5,5) , (2.5,5) , (3,4.5) , (4.5,4.5) , (5,3.5)
# Shape 08
(-4,7.5) , (-5,6.5) , (-4,7) , (-3.5,7) , (-2,7) , (-.5,6.5) , (-1.5,7.5)
# Shape 09
(-4,7) , (-4.5,6) , (-4.5,5) , (-4,4) , (-3.5,3) , (-1.5,3) , (-1,4) , (-1,6) , (-2,7)
# Shape 10
(-3.5,7) , (-4,6) , (-4,5) , (-3.5,4.5) , (-2.5,4) , (-1.5,4.5) , (-1.5,5) , (-1.5,6) , (-2,7)
# Shape 11
(-3,6.5) , (-3.5,6) , (-3.5,5.5) , (-2.5,5) , (-2,5.5) , (-2,6.5) , (-3,6.5)
# Shape 12
(2,7.5) , (1,6.5) , (1.5,6.5) , (2,7) , (2.5,7.5)
# Shape 13
(1.5,6.5) , (1.5,5)
# Shape 14
(2,7) , (2,5.5) , (2.5,5) , (3,5) , (4,5.5) , (4,7) , (3.5,7.5)
# Shape 15
(3,7.5) , (2.5,7) , (2.5,6) , (3,5.5) , (3.5,6) , (3.5,7) , (3,7.5)
# Shape 16
(4,7.5) , (4.5,7) , (4.5,5) , (4.5,4.5)
# Shape 17
(6.5,4) , (7,3) , (7.5,2.5) , (7.5,1) , (6,1)
# Shape 18
(7.5,1) , (8,.5) , (8,-.5) , (9,-2.5)
# Shape 19
(8,.5) , (9,0) , (10.5,0) , (12,.5) , (13,2) , (13.5,1) , (12.5,0) , (11.5,-.5) , (10,-1) , (9,0)
# Shape 20
(12.5,0) , (12,-2.5) , (11,-3) , (6.5,-4)
# Shape 21
(13,2) , (13,5) , (12,8) , (9.5,10.5) , (7.5,10)
# Shape 22
(6.5,9.5) , (6,9.5) , (5.5,8.5) , (6,8) , (6.5,7.5)
# Shape 23
(11,8) , (10,8.5) , (8,8.5) , (6.5,7.5) , (6,7) , (6,6) , (7,5.5) , (8.5,6.5) , (10,7) , (11.5,6)
# Shape 24
(7,5.5) , (7,4.5) , (7.5,4) , (8,5) , (10,5) , (11,4.5)
# Shape 25
(7.5,4) , (7.5,3.5) , (9,3) , (10,2.5)
# Shape 26
(4,-1.5) , (5.5,-2) , (6.5,-4) , (7,-5) , (7.5,-6) , (8,-7) , (7.5,-8) , (6,-7) , (5.5,-5.5) , (5.5,-4.5) , (5,-4) , (3.5,-2.5)
# Shape 27
(7,-5) , (6,-4.5) , (6,-5.5) , (6.5,-6.5) , (7.5,-7) , (8,-7)
# Shape 28
(0,-4) , (1,-5.5) , (2,-6.5) , (3,-7) , (4,-6) , (5.5,-4.5)
# Shape 29
(1,-5.5) , (2,-7) , (3,-7.5) , (4,-7) , (5.5,-5.5)
# Shape 30
(2,-7) , (3,-9.5) , (1.5,-11.5) , (-.5,-10.5) , (-1,-9) , (-1,-8) , (-2,-6) , (-3,-4) , (-4,-2.5)
# Shape 31
(.5,-8) , (1.5,-8) , (2,-8.5) , (2.5,-9.5) , (2,-10) , (1.5,-10.5) , (.5,-10.5) , (0,-10) , (0,-9) , (.5,-8)
# Shape 32
(-3.5,-7) , (-5.5,-8.5) , (-5,-9.5) , (-4.5,-10) , (-3.5,-10) , (-2,-9) , (-1,-8)
# Shape 33
(-6,-13) , (-5,-9.5) , (-4.5,-11) , (-3.5,-11) , (-2,-10) , (-1,-9)
# Shape 34
(8,-7) , (8,-9) , (8,-12) , (7,-19) , (3,-19) , (-2,-19) , (-7.5,-19) , (-6.5,-18) , (-6,-16) , (-6,-15) , (-7,-13) , (-6,-13) , (-5,-14) , (-4.5,-15) , (-5,-16) , (-6,-16)
# Shape 35
(-5.5,-8.5) , (-7,-9.5) , (-7,-11.5) , (-7,-13) , (-9,-14) , (-10,-14) , (-11,-13.5) , (-13,-12.5) , (-13.5,-14) , (-13,-17) , (-12.5,-19) , (-7.5,-19)
# Shape 36
(-13,-12.5) , (-12.5,-11.5) , (-12,-11.5) , (-11,-12) , (-8.5,-12) , (-7,-11.5)
# Shape 37
(-12.5,-11.5) , (-12,-10.5) , (-11.5,-9) , (-11,-8) , (-10,-6) , (-9,-5) , (-7,-3) , (-5,-2)
# Shape 38
(-11.5,-16) , (-12,-17) , (-11.5,-17.5) , (-11,-17) , (-11.5,-16)
# Shape 39
(-8.5,-16) , (-9,-17) , (-8.5,-17.5) , (-8,-17) , (-8.5,-16)